1 1
300 0.0
-1.006535e-02  3.384621e-03
-2.011012e-02  4.640214e-02
-3.016563e-02  2.216829e-01
-4.020126e-02  2.305842e-01
-5.020430e-02  2.525437e-01
-6.021497e-02  3.073648e-01
-7.023482e-02  4.410432e-01
-8.025554e-02  4.740208e-01
-9.025071e-02  4.893503e-01
-1.002487e-01  5.632797e-01
-1.102558e-01  6.705193e-01
-1.202676e-01  7.103611e-01
-1.302555e-01  7.256277e-01
-1.402424e-01  8.071383e-01
-1.502471e-01  9.096117e-01
-1.602522e-01  9.461486e-01
-1.702316e-01  9.652647e-01
-1.802194e-01  1.042776e+00
-1.902154e-01  1.149305e+00
-2.002169e-01  1.178587e+00
-2.101901e-01  1.206555e+00
-2.201780e-01  1.279526e+00
-2.301740e-01  1.388508e+00
-2.401672e-01  1.412215e+00
-2.501409e-01  1.441890e+00
-2.601242e-01  1.522159e+00
-2.701173e-01  1.623143e+00
-2.801081e-01  1.645422e+00
-2.900777e-01  1.676581e+00
-3.000597e-01  1.764766e+00
-3.100506e-01  1.856991e+00
-3.200380e-01  1.880980e+00
-3.300051e-01  1.914715e+00
-3.399861e-01  2.001792e+00
-3.499756e-01  2.093249e+00
-3.599605e-01  2.116499e+00
-3.699266e-01  2.153796e+00
-3.799070e-01  2.237028e+00
-3.898945e-01  2.329199e+00
-3.998754e-01  2.349351e+00
-4.098414e-01  2.391813e+00
-4.198201e-01  2.478369e+00
-4.298071e-01  2.564844e+00
-4.397865e-01  2.581678e+00
-4.497506e-01  2.629478e+00
-4.597299e-01  2.719387e+00
-4.697140e-01  2.798889e+00
-4.796902e-01  2.816964e+00
-4.896555e-01  2.864930e+00
-4.996324e-01  2.957601e+00
-5.096149e-01  3.031917e+00
-5.195889e-01  3.056324e+00
-5.295536e-01  3.102185e+00
-5.395327e-01  3.194899e+00
-5.495129e-01  3.265522e+00
-5.594859e-01  3.288001e+00
-5.694488e-01  3.341955e+00
-5.794272e-01  3.432390e+00
-5.894074e-01  3.500863e+00
-5.993789e-01  3.521936e+00
-6.093416e-01  3.580404e+00
-6.193180e-01  3.671613e+00
-6.292975e-01  3.735063e+00
-6.392658e-01  3.758032e+00
-6.492299e-01  3.817499e+00
-6.592067e-01  3.911329e+00
-6.691855e-01  3.967182e+00
-6.791505e-01  3.997310e+00
-6.891155e-01  4.054738e+00
-6.990922e-01  4.147566e+00
-7.090689e-01  4.202340e+00
-7.190348e-01  4.233054e+00
-7.289970e-01  4.293634e+00
-7.389742e-01  4.384755e+00
-7.489492e-01  4.433132e+00
-7.589152e-01  4.467718e+00
-7.688786e-01  4.535272e+00
-7.788529e-01  4.621199e+00
-7.888282e-01  4.671120e+00
-7.987914e-01  4.704017e+00
-8.087561e-01  4.770955e+00
-8.187301e-01  4.857682e+00
-8.287042e-01  4.905810e+00
-8.386666e-01  4.942368e+00
-8.486322e-01  5.009429e+00
-8.586051e-01  5.095776e+00
-8.685782e-01  5.139889e+00
-8.785404e-01  5.179420e+00
-8.885063e-01  5.246211e+00
-8.984787e-01  5.332161e+00
-9.084500e-01  5.371446e+00
-9.184115e-01  5.416799e+00
-9.283762e-01  5.487531e+00
-9.383486e-01  5.567133e+00
-9.483195e-01  5.607461e+00
-9.582815e-01  5.651173e+00
-9.682464e-01  5.724099e+00
-9.782184e-01  5.802069e+00
-9.881878e-01  5.844405e+00
-9.981483e-01  5.887197e+00
-1.008113e+00  5.960929e+00
-1.018086e+00  6.037495e+00
-1.028053e+00  6.078782e+00
-1.038013e+00  6.127383e+00
-1.047980e+00  6.197439e+00
-1.057952e+00  6.274525e+00
-1.067919e+00  6.312404e+00
-1.077879e+00  6.365341e+00
-1.087845e+00  6.435490e+00
-1.097816e+00  6.509987e+00
-1.107782e+00  6.546585e+00
-1.117742e+00  6.601377e+00
-1.127707e+00  6.675286e+00
-1.137677e+00  6.744734e+00
-1.147643e+00  6.786214e+00
-1.157605e+00  6.835124e+00
-1.167570e+00  6.911826e+00
-1.177539e+00  6.978513e+00
-1.187504e+00  7.021207e+00
-1.197465e+00  7.074362e+00
-1.207432e+00  7.148117e+00
-1.217401e+00  7.214696e+00
-1.227365e+00  7.255219e+00
-1.237324e+00  7.312953e+00
-1.247291e+00  7.384123e+00
-1.257259e+00  7.450348e+00
-1.267222e+00  7.489242e+00
-1.277182e+00  7.550410e+00
-1.287149e+00  7.624273e+00
-1.297117e+00  7.685063e+00
-1.307079e+00  7.727807e+00
-1.317040e+00  7.784653e+00
-1.327006e+00  7.861026e+00
-1.336974e+00  7.920088e+00
-1.346936e+00  7.964463e+00
-1.356897e+00  8.021574e+00
-1.366863e+00  8.097460e+00
-1.376829e+00  8.153731e+00
-1.386792e+00  8.199937e+00
-1.396752e+00  8.260590e+00
-1.406719e+00  8.332769e+00
-1.416686e+00  8.389869e+00
-1.426647e+00  8.434047e+00
-1.436607e+00  8.497139e+00
-1.446573e+00  8.569917e+00
-1.456540e+00  8.625319e+00
-1.466500e+00  8.671961e+00
-1.476462e+00  8.733699e+00
-1.486427e+00  8.806941e+00
-1.496394e+00  8.860788e+00
-1.506353e+00  8.909019e+00
-1.516315e+00  8.969624e+00
-1.526280e+00  9.043423e+00
-1.536245e+00  9.094038e+00
-1.546204e+00  9.144892e+00
-1.556165e+00  9.208196e+00
-1.566130e+00  9.279525e+00
-1.576094e+00  9.330011e+00
-1.586053e+00  9.381252e+00
-1.596014e+00  9.445336e+00
-1.605977e+00  9.514129e+00
-1.615941e+00  9.565228e+00
-1.625900e+00  9.615891e+00
-1.635861e+00  9.682203e+00
-1.645825e+00  9.750281e+00
-1.655787e+00  9.802045e+00
-1.665746e+00  9.853527e+00
-1.675707e+00  9.917274e+00
-1.685670e+00  9.986252e+00
-1.695631e+00  1.003569e+01
-1.705588e+00  1.008974e+01
-1.715548e+00  1.015286e+01
-1.725511e+00  1.022109e+01
-1.735471e+00  1.026869e+01
-1.745427e+00  1.032383e+01
-1.755386e+00  1.038748e+01
-1.765349e+00  1.045296e+01
-1.775309e+00  1.050127e+01
-1.785272e+00  1.055178e+01
-1.795241e+00  1.061369e+01
-1.805209e+00  1.066967e+01
-1.815181e+00  1.070594e+01
-1.825104e+00  1.071136e+01
-1.835064e+00  1.072048e+01
-1.845040e+00  1.075080e+01
-1.855012e+00  1.077035e+01
-1.864988e+00  1.078840e+01
-1.875075e+00  1.080730e+01
-1.885176e+00  1.080941e+01
-1.895558e+00  1.073358e+01
-1.906605e+00  1.049943e+01
-1.917667e+00  9.923805e+00
-1.927992e+00  9.622886e+00
-1.938040e+00  9.349711e+00
-1.948377e+00  9.088174e+00
-1.958646e+00  9.049928e+00
-1.968783e+00  8.990964e+00
-1.979029e+00  8.949754e+00
-1.989102e+00  8.939567e+00
-1.999340e+00  8.884849e+00
-2.009422e+00  8.791614e+00
-2.019560e+00  8.758080e+00
-2.029706e+00  8.683871e+00
-2.039621e+00  8.655532e+00
-2.049878e+00  8.593272e+00
-2.059810e+00  8.588077e+00
-2.069935e+00  8.542345e+00
-2.079970e+00  8.544037e+00
-2.090058e+00  8.510111e+00
-2.100024e+00  8.516353e+00
-2.110191e+00  8.488520e+00
-2.120263e+00  8.467943e+00
-2.130326e+00  8.450977e+00
-2.140415e+00  8.443531e+00
-2.150524e+00  8.437089e+00
-2.160632e+00  8.427930e+00
-2.170610e+00  8.439373e+00
-2.180744e+00  8.432590e+00
-2.190849e+00  8.438263e+00
-2.200919e+00  8.432932e+00
-2.211048e+00  8.425374e+00
-2.221092e+00  8.424624e+00
-2.231163e+00  8.416630e+00
-2.241252e+00  8.414546e+00
-2.251346e+00  8.404076e+00
-2.261418e+00  8.399446e+00
-2.271483e+00  8.384443e+00
-2.281628e+00  8.366268e+00
-2.291667e+00  8.366272e+00
-2.301720e+00  8.354673e+00
-2.311815e+00  8.352036e+00
-2.321865e+00  8.342233e+00
-2.331928e+00  8.343325e+00
-2.341912e+00  8.343787e+00
-2.352073e+00  8.333557e+00
-2.362137e+00  8.327736e+00
-2.372164e+00  8.322246e+00
-2.382252e+00  8.307360e+00
-2.392342e+00  8.287508e+00
-2.402424e+00  8.280572e+00
-2.412524e+00  8.253714e+00
-2.422563e+00  8.254982e+00
-2.432622e+00  8.248322e+00
-2.442721e+00  8.245003e+00
-2.452791e+00  8.235501e+00
-2.462878e+00  8.227563e+00
-2.472915e+00  8.216463e+00
-2.483029e+00  8.210469e+00
-2.493071e+00  8.205290e+00
-2.503106e+00  8.202778e+00
-2.513220e+00  8.203882e+00
-2.523282e+00  8.200665e+00
-2.533298e+00  8.196070e+00
-2.543405e+00  8.194185e+00
-2.553426e+00  8.192315e+00
-2.563552e+00  8.184401e+00
-2.573662e+00  8.176544e+00
-2.583648e+00  8.175037e+00
-2.593757e+00  8.148076e+00
-2.603836e+00  8.129462e+00
-2.613954e+00  8.110897e+00
-2.623995e+00  8.100283e+00
-2.634078e+00  8.108073e+00
-2.644181e+00  8.101002e+00
-2.654212e+00  8.102876e+00
-2.664269e+00  8.096968e+00
-2.674352e+00  8.094471e+00
-2.684413e+00  8.091351e+00
-2.694488e+00  8.082471e+00
-2.704563e+00  8.081952e+00
-2.714597e+00  8.074022e+00
-2.724689e+00  8.072214e+00
-2.734738e+00  8.065576e+00
-2.744802e+00  8.060584e+00
-2.754866e+00  8.053579e+00
-2.764957e+00  8.052503e+00
-2.775012e+00  8.040347e+00
-2.785093e+00  8.030991e+00
-2.795208e+00  8.026269e+00
-2.805243e+00  7.998893e+00
-2.815363e+00  7.981721e+00
-2.825404e+00  7.974605e+00
-2.835486e+00  7.969865e+00
-2.845552e+00  7.951294e+00
-2.855594e+00  7.945126e+00
-2.865709e+00  7.933929e+00
-2.875752e+00  7.938350e+00
-2.885844e+00  7.929394e+00
-2.895818e+00  7.923824e+00
-2.905986e+00  7.912913e+00
-2.916008e+00  7.907004e+00
-2.926160e+00  7.899853e+00
-2.936125e+00  7.901829e+00
-2.946236e+00  7.895370e+00
-2.956344e+00  7.879185e+00
-2.966383e+00  7.875104e+00
-2.976448e+00  7.877476e+00
-2.986505e+00  7.875083e+00
-2.996559e+00  7.876283e+00
-3.006650e+00  7.871781e+00
