1 1
300 0.0
-5.005534e-03  5.138757e-03
-1.001236e-02  2.105670e-01
-1.497666e-02  2.252587e-01
-1.996081e-02  3.376963e-01
-2.493340e-02  4.189467e-01
-2.988605e-02  4.953784e-01
-3.486454e-02  6.296506e-01
-3.981110e-02  6.553836e-01
-4.478051e-02  7.962442e-01
-4.973081e-02  8.417044e-01
-5.468431e-02  9.447288e-01
-5.964675e-02  1.039979e+00
-6.458792e-02  1.096884e+00
-6.955246e-02  1.233779e+00
-7.449033e-02  1.270058e+00
-7.944818e-02  1.392727e+00
-8.439638e-02  1.453760e+00
-8.933740e-02  1.546559e+00
-9.429580e-02  1.653345e+00
-9.922947e-02  1.701969e+00
-1.041870e-01  1.835073e+00
-1.091238e-01  1.881219e+00
-1.140735e-01  1.989499e+00
-1.190215e-01  2.068074e+00
-1.239566e-01  2.143374e+00
-1.289111e-01  2.261601e+00
-1.338431e-01  2.308751e+00
-1.387945e-01  2.432945e+00
-1.437333e-01  2.487263e+00
-1.486737e-01  2.587687e+00
-1.536229e-01  2.679259e+00
-1.585550e-01  2.742692e+00
-1.635060e-01  2.866115e+00
-1.684368e-01  2.916067e+00
-1.733843e-01  3.030295e+00
-1.783241e-01  3.097059e+00
-1.832594e-01  3.185809e+00
-1.882073e-01  3.288270e+00
-1.931366e-01  3.347257e+00
-1.980847e-01  3.467602e+00
-2.030176e-01  3.523044e+00
-2.079593e-01  3.627867e+00
-2.129001e-01  3.707600e+00
-2.178327e-01  3.784533e+00
-2.227786e-01  3.894282e+00
-2.277082e-01  3.952581e+00
-2.326525e-01  4.066999e+00
-2.375873e-01  4.129579e+00
-2.425238e-01  4.226078e+00
-2.474663e-01  4.315772e+00
-2.523963e-01  4.386275e+00
-2.573406e-01  4.498296e+00
-2.622703e-01  4.558341e+00
-2.672119e-01  4.665641e+00
-2.721473e-01  4.737820e+00
-2.770810e-01  4.825387e+00
-2.820226e-01  4.922414e+00
-2.869518e-01  4.991023e+00
-2.918937e-01  5.100067e+00
-2.968257e-01  5.163808e+00
-3.017630e-01  5.264667e+00
-3.066997e-01  5.345995e+00
-3.116315e-01  5.425517e+00
-3.165719e-01  5.527444e+00
-3.215013e-01  5.594942e+00
-3.264410e-01  5.700994e+00
-3.313740e-01  5.770180e+00
-3.363084e-01  5.863462e+00
-3.412462e-01  5.951590e+00
-3.461760e-01  6.028346e+00
-3.511157e-01  6.131358e+00
-3.560458e-01  6.199096e+00
-3.609831e-01  6.300854e+00
-3.659166e-01  6.377280e+00
-3.708491e-01  6.463352e+00
-3.757866e-01  6.557322e+00
-3.807161e-01  6.632203e+00
-3.856543e-01  6.733765e+00
-3.905855e-01  6.803859e+00
-3.955204e-01  6.900414e+00
-4.004546e-01  6.982939e+00
-4.053857e-01  7.065308e+00
-4.103227e-01  7.161995e+00
-4.152527e-01  7.235030e+00
-4.201889e-01  7.335169e+00
-4.251209e-01  7.410039e+00
-4.300539e-01  7.500080e+00
-4.349891e-01  7.587257e+00
-4.399188e-01  7.668252e+00
-4.448555e-01  7.765603e+00
-4.497857e-01  7.838913e+00
-4.547206e-01  7.935547e+00
-4.596528e-01  8.015440e+00
-4.645845e-01  8.101466e+00
-4.695198e-01  8.192750e+00
-4.744497e-01  8.270950e+00
-4.793852e-01  8.367860e+00
-4.843159e-01  8.443631e+00
-4.892493e-01  8.535703e+00
-4.941823e-01  8.619275e+00
-4.991128e-01  8.704090e+00
-5.040479e-01  8.796968e+00
-5.089779e-01  8.873838e+00
-5.139121e-01  8.969553e+00
-5.188433e-01  9.048429e+00
-5.237757e-01  9.136940e+00
-5.287093e-01  9.223958e+00
-5.336392e-01  9.306352e+00
-5.385737e-01  9.400208e+00
-5.435041e-01  9.477833e+00
-5.484374e-01  9.570569e+00
-5.533690e-01  9.652234e+00
-5.583001e-01  9.738978e+00
-5.632339e-01  9.828432e+00
-5.681639e-01  9.908746e+00
-5.730977e-01  1.000239e+01
-5.780281e-01  1.008186e+01
-5.829604e-01  1.017179e+01
-5.878923e-01  1.025595e+01
-5.928225e-01  1.034128e+01
-5.977555e-01  1.043179e+01
-6.026851e-01  1.051167e+01
-6.076174e-01  1.060346e+01
-6.125482e-01  1.068421e+01
-6.174832e-01  1.077109e+01
-6.224248e-01  1.085129e+01
-6.273665e-01  1.092047e+01
-6.322906e-01  1.094984e+01
-6.372276e-01  1.096810e+01
-6.421985e-01  1.099415e+01
-6.471871e-01  1.102241e+01
-6.521781e-01  1.104496e+01
-6.571743e-01  1.105691e+01
-6.621471e-01  1.107609e+01
-6.671594e-01  1.108860e+01
-6.721554e-01  1.110274e+01
-6.771521e-01  1.110721e+01
-6.821969e-01  1.111698e+01
-6.871888e-01  1.112470e+01
-6.921695e-01  1.113001e+01
-6.971979e-01  1.113749e+01
-7.021895e-01  1.114710e+01
-7.072606e-01  1.115238e+01
-7.122920e-01  1.115315e+01
-7.173581e-01  1.114638e+01
-7.223970e-01  1.113369e+01
-7.274543e-01  1.111093e+01
-7.325003e-01  1.108968e+01
-7.375527e-01  1.105297e+01
-7.426251e-01  1.102424e+01
-7.476298e-01  1.098535e+01
-7.528272e-01  1.094944e+01
-7.578024e-01  1.087888e+01
-7.629539e-01  1.084394e+01
-7.679829e-01  1.078818e+01
-7.731252e-01  1.071637e+01
-7.781123e-01  1.067273e+01
-7.832414e-01  1.061688e+01
-7.883752e-01  1.055292e+01
-7.934347e-01  1.049682e+01
-7.984923e-01  1.043045e+01
-8.036372e-01  1.036030e+01
-8.087107e-01  1.030952e+01
-8.137958e-01  1.022464e+01
-8.188641e-01  1.016588e+01
-8.240236e-01  1.008695e+01
-8.291027e-01  1.002613e+01
-8.342129e-01  9.950453e+00
-8.393000e-01  9.884862e+00
-8.444025e-01  9.802165e+00
-8.495015e-01  9.734591e+00
-8.545790e-01  9.660035e+00
-8.596688e-01  9.604060e+00
-8.647855e-01  9.547005e+00
-8.698639e-01  9.493200e+00
-8.749086e-01  9.466933e+00
-8.800130e-01  9.432225e+00
-8.850481e-01  9.412366e+00
-8.901131e-01  9.384772e+00
-8.951695e-01  9.357663e+00
-9.002541e-01  9.341882e+00
-9.052902e-01  9.319270e+00
-9.103510e-01  9.300035e+00
-9.153893e-01  9.284800e+00
-9.204525e-01  9.267777e+00
-9.255308e-01  9.252210e+00
-9.305893e-01  9.235265e+00
-9.356176e-01  9.219911e+00
-9.406201e-01  9.214028e+00
-9.457035e-01  9.204843e+00
-9.507853e-01  9.191331e+00
-9.557766e-01  9.173026e+00
-9.608766e-01  9.159534e+00
-9.658988e-01  9.143648e+00
-9.709261e-01  9.132974e+00
-9.759602e-01  9.116037e+00
-9.810508e-01  9.104379e+00
-9.860848e-01  9.083383e+00
-9.911653e-01  9.072759e+00
-9.962074e-01  9.058675e+00
-1.001283e+00  9.044356e+00
-1.006265e+00  9.034456e+00
-1.011328e+00  9.021556e+00
-1.016398e+00  9.016731e+00
-1.021443e+00  9.010470e+00
-1.026462e+00  8.996029e+00
-1.031510e+00  8.984775e+00
-1.036567e+00  8.976808e+00
-1.041602e+00  8.969803e+00
-1.046639e+00  8.951017e+00
-1.051680e+00  8.940288e+00
-1.056726e+00  8.929219e+00
-1.061778e+00  8.917473e+00
-1.066811e+00  8.909278e+00
-1.071837e+00  8.901474e+00
-1.076922e+00  8.892974e+00
-1.081949e+00  8.878640e+00
-1.087001e+00  8.875596e+00
-1.092047e+00  8.861069e+00
-1.097083e+00  8.849739e+00
-1.102089e+00  8.839658e+00
-1.107111e+00  8.831752e+00
-1.112216e+00  8.815631e+00
-1.117251e+00  8.799203e+00
-1.122320e+00  8.789460e+00
-1.127370e+00  8.778992e+00
-1.132420e+00  8.771715e+00
-1.137440e+00  8.771844e+00
-1.142470e+00  8.762423e+00
-1.147514e+00  8.754003e+00
-1.152575e+00  8.748318e+00
-1.157613e+00  8.733693e+00
-1.162655e+00  8.724370e+00
-1.167670e+00  8.715915e+00
-1.172704e+00  8.717525e+00
-1.177770e+00  8.709606e+00
-1.182794e+00  8.694351e+00
-1.187870e+00  8.691139e+00
-1.192896e+00  8.686652e+00
-1.197916e+00  8.671954e+00
-1.202936e+00  8.672619e+00
-1.207992e+00  8.661032e+00
-1.213044e+00  8.649829e+00
-1.218074e+00  8.638681e+00
-1.223119e+00  8.628404e+00
-1.228138e+00  8.618968e+00
-1.233204e+00  8.601566e+00
-1.238274e+00  8.581598e+00
-1.243316e+00  8.569474e+00
-1.248353e+00  8.557118e+00
-1.253400e+00  8.554308e+00
-1.258424e+00  8.545500e+00
-1.263488e+00  8.532829e+00
-1.268506e+00  8.532096e+00
-1.273555e+00  8.532069e+00
-1.278606e+00  8.526613e+00
-1.283632e+00  8.512202e+00
-1.288658e+00  8.509751e+00
-1.293725e+00  8.502779e+00
-1.298765e+00  8.492331e+00
-1.303789e+00  8.478946e+00
-1.308820e+00  8.481386e+00
-1.313873e+00  8.480156e+00
-1.318901e+00  8.475386e+00
-1.323884e+00  8.465930e+00
-1.328936e+00  8.466654e+00
-1.333978e+00  8.457941e+00
-1.339037e+00  8.453724e+00
-1.344065e+00  8.443175e+00
-1.349098e+00  8.430945e+00
-1.354155e+00  8.416745e+00
-1.359142e+00  8.412084e+00
-1.364239e+00  8.411669e+00
-1.369251e+00  8.397084e+00
-1.374296e+00  8.387150e+00
-1.379354e+00  8.372531e+00
-1.384389e+00  8.351898e+00
-1.389414e+00  8.341936e+00
-1.394477e+00  8.321334e+00
-1.399492e+00  8.305491e+00
-1.404534e+00  8.308363e+00
-1.409599e+00  8.286752e+00
-1.414643e+00  8.280149e+00
-1.419676e+00  8.271645e+00
-1.424700e+00  8.264780e+00
-1.429756e+00  8.253316e+00
-1.434808e+00  8.251672e+00
-1.439821e+00  8.246850e+00
-1.444871e+00  8.242508e+00
-1.449921e+00  8.238038e+00
-1.454944e+00  8.226889e+00
-1.459967e+00  8.231601e+00
-1.464983e+00  8.225505e+00
-1.470041e+00  8.227306e+00
-1.475085e+00  8.217909e+00
-1.480113e+00  8.214022e+00
-1.485145e+00  8.199257e+00
-1.490181e+00  8.192843e+00
-1.495225e+00  8.193209e+00
-1.500232e+00  8.183449e+00
